150672	219723	39833	8282	12844	15	384	642	99	104	172	15
146909	217888	43549	109639	140417	23	182	308	59	2682	4239	23
145593	217093	44563	14882	23514	17	231	389	25	288	466	17
144663	216593	45398	168031	182410	26	63	114	32	3607	5845	26
143763	216051	46064	164064	181772	26	293	488	64	4763	7680	26
141624	214464	47169	111236	142137	23	645	1070	91	2163	3463	23
141476	214224	47088	132507	161661	24	121	209	60	1733	2783	24
141062	213955	47276	92633	121033	22	306	515	62	930	1470	22
140624	213633	47512	44812	65481	20	191	321	46	406	662	20
140376	213352	47565	155908	176844	25	178	309	57	1900	3072	25
138773	212356	48672	77254	107009	22	113	201	46	820	1344	22
138522	211808	48204	53973	76848	20	212	359	60	585	967	20
137604	211254	48805	40283	58248	19	525	884	79	527	889	19
136831	210317	48667	36281	53185	19	354	603	45	440	716	19
136536	210325	49112	128484	157810	24	143	244	50	1959	3104	24
136461	209952	48677	29501	45413	19	236	401	85	374	618	19
136177	209973	49126	78856	108546	22	149	250	48	531	861	22
135330	209134	49196	78205	107927	22	455	763	48	1155	1895	22
135088	208889	49344	94875	122947	22	437	726	122	801	1298	22
134509	208005	48682	78920	108551	22	357	611	94	589	968	22
134499	208305	49146	73679	103620	22	219	370	40	918	1526	22
134351	208153	49138	181403	184216	30	234	401	80	18036	28209	30
134336	207816	48651	68182	94565	21	33	61	23	549	893	21
133711	207490	49083	122153	150186	23	621	1044	129	1571	2502	23
133589	207360	49063	7096	11273	15	90	153	37	64	107	15
133544	207124	48738	90580	119313	22	74	127	28	1194	1945	22
133469	207232	49046	130238	158819	24	89	155	32	1941	3141	24
133257	206903	49009	29277	45142	19	272	459	61	552	910	19
133004	206456	48476	19589	30698	18	79	138	36	317	530	18
132525	206246	48949	142305	169503	25	377	650	89	2624	4157	25
132496	205901	48490	178701	183881	28	120	201	44	9695	15386	28
132233	205948	48931	57524	83474	21	502	850	99	70	113	21
131815	205137	48198	120200	151997	24	146	247	36	2506	3991	24
131787	205117	48318	74264	104164	22	820	1400	106	1511	2436	22
131785	205373	48671	65617	92036	21	53	92	33	784	1241	21
131409	204901	48471	173738	184021	27	201	343	53	4609	7265	27
131228	204538	48266	173958	183881	26	765	1287	72	4975	7891	26
131206	204723	48749	40876	58795	19	35	60	19	119	196	19
130604	204093	48693	118181	146937	23	212	346	51	531	859	23
130517	203807	48221	66546	92948	21	464	781	47	1041	1691	21
130495	203786	48222	172381	183881	26	341	580	64	6515	10406	26
130403	203662	48152	42744	63217	20	169	288	30	783	1237	20
130057	203387	48152	123590	154469	24	82	146	38	3418	5473	24
129874	203192	48124	43043	63579	20	83	143	36	845	1393	20
129780	203086	48089	98776	131497	23	353	600	113	540	867	23
129367	202698	48341	157541	177478	25	656	1109	85	2073	3308	25
129339	202462	47853	64469	90842	21	219	372	61	273	447	21
128788	201838	47713	150337	174197	25	73	123	37	2282	3698	25
128469	201478	47615	144848	171092	25	807	1350	79	2051	3303	25
128110	201137	47725	41709	59774	19	113	197	43	417	691	19
128092	201110	47707	17653	27055	17	43	74	25	423	691	17
127672	200525	47301	174820	184106	27	736	1234	129	4126	6657	27
127672	200525	47302	165739	182125	26	737	1235	130	3355	5333	26
127300	200194	47271	63165	89386	21	440	747	99	628	1027	21
127012	199844	47210	52116	73229	20	295	500	80	142	238	20
126924	199723	47094	160348	180322	26	196	333	52	2681	4292	26
126555	199220	46905	30839	46991	19	180	298	39	649	1050	19
126359	199035	46839	143374	170205	25	325	547	103	809	1313	25
126356	199028	46836	180239	184216	28	494	839	80	9276	14750	28
126299	198950	46779	142806	169868	25	162	278	45	1826	2979	25
125091	197348	46004	19150	30185	18	29	50	18	318	517	18
125046	197333	46136	171423	183881	26	86	148	42	3383	5486	26
124558	196665	45713	61194	87339	21	173	298	63	816	1335	21
124537	196702	45886	92777	121142	22	317	538	76	895	1436	22
124195	196231	45579	77204	103993	21	386	652	73	1093	1785	21
123985	195954	45488	141860	167407	24	512	857	42	1620	2610	24
123965	195969	45524	131084	159358	24	240	409	62	2946	4650	26
123231	195028	45142	121482	152936	24	295	500	82	2001	3235	24
123135	194863	44996	127372	157013	24	481	805	72	2583	4148	24
122888	194548	44851	18525	28173	17	619	1044	85	70	114	17
122669	194290	44860	90516	119256	22	87	151	44	598	968	24
122659	194268	44773	18202	27773	17	240	412	47	66	107	17
122253	193760	44529	122974	150577	23	205	345	51	2014	3232	23
122057	193509	44410	136659	162717	24	286	485	66	2031	3338	24
122051	193499	44404	159633	179947	26	118	199	46	4499	7184	26
121547	192950	44425	176966	184126	27	389	657	89	5992	9511	27
121410	192702	44218	84338	113673	22	410	695	56	1074	1761	22
121348	192616	44164	168858	182416	26	102	177	44	1620	2614	26
121015	192249	44097	153420	175679	25	162	272	49	2233	3586	25
120968	192082	43736	138664	165574	24	179	312	54	3581	5805	24
120623	191758	43881	2585	4223	13	61	109	33	74	124	13
120471	191396	43377	42273	60450	19	159	271	55	463	760	19
120467	191505	43710	22191	33889	18	147	250	58	186	312	18
120462	191465	43626	86495	115628	22	368	620	82	794	1303	22
120321	191388	43723	32494	48886	19	400	677	107	144	241	19
120240	191282	43673	39467	57048	19	191	329	73	170	287	19
120084	190988	43427	69019	95571	21	386	659	89	396	646	21
119880	190728	43318	3200	5308	14	26	46	14	94	162	14
119713	190435	42992	123989	154722	24	401	676	60	1782	2844	24
119390	190023	42810	143743	168383	24	366	616	90	2106	3433	24
119144	189707	42675	149224	173638	25	919	1534	99	5834	9112	25
118779	189246	42580	3722	6036	14	67	115	24	148	249	14
118425	188815	42421	19202	29040	17	214	369	43	356	583	17
118025	188256	42132	83663	113061	22	279	469	80	1352	2135	22
117891	188068	41892	49446	71959	20	41	75	20	821	1313	20
117799	187971	42004	53542	74784	20	87	152	44	536	868	20
117715	187828	41764	52684	73829	20	81	144	38	285	469	20
117646	187772	41910	160497	180405	26	285	482	70	2539	4135	26
117607	187719	41871	101828	134243	23	113	196	33	1451	2379	23
117586	187639	41660	122522	153687	24	729	1223	110	1711	2737	24
116977	186827	41260	144937	168903	24	327	559	72	3944	6209	24
116811	186623	41275	19619	29576	17	186	323	81	207	344	17
116733	186464	41039	68190	94571	21	275	466	75	973	1579	21
116603	186284	40947	103104	135306	23	239	410	65	2218	3515	23
116562	186281	41109	41756	59821	19	51	91	25	167	276	19
116326	185919	40765	142665	169691	25	369	624	61	1620	2605	25
115823	185343	40727	67054	93571	21	432	741	83	1011	1650	21
115756	185155	40382	9503	15041	16	24	42	16	199	335	16
115694	185070	40336	3849	6206	14	318	546	64	45	80	14
115346	184719	40428	43238	63779	20	617	1034	32	600	969	20
115301	184515	40019	42386	60591	19	32	58	19	223	370	19
115247	184574	40347	5918	9667	15	29	52	19	219	362	15
115178	184351	40033	42010	60139	19	497	839	63	227	377	19
114965	184226	40216	25245	37644	18	256	437	74	166	278	18
114929	184171	40184	1705	2729	12	148	249	48	35	63	12
114826	183852	39662	119285	151313	24	152	259	50	2212	3562	24
114806	183992	40084	19262	30314	18	110	189	46	256	419	18
114593	183526	39490	167767	182380	26	586	997	108	7869	12276	28
114466	183356	39410	74863	104687	22	174	302	64	889	1449	22
114299	183112	39258	118377	150625	24	159	266	52	2024	3250	24
114272	183246	39692	18507	29421	18	337	570	80	179	294	18
114176	183109	39612	136996	162848	24	144	246	46	1990	3253	24
114160	182919	39156	147386	169941	24	520	882	58	1665	2664	24
114063	182983	39585	62264	88422	21	225	384	45	1875	3068	21
113943	182810	39497	39526	57409	19	284	482	53	530	868	19
113279	181866	39000	93536	121807	22	300	518	110	1152	1873	22
113055	181563	38835	74564	101286	21	1103	1848	115	666	1088	21
112442	180586	38075	157059	177307	25	444	741	79	3306	5211	25
111981	179989	37929	69742	96316	21	463	787	81	732	1201	21
111697	179551	37515	72051	98587	21	433	726	31	804	1333	21
111688	179586	37714	95173	123220	22	513	856	44	1215	2005	22
111571	179293	37216	101332	130660	22	413	700	108	1997	3177	22
111565	179283	37209	107454	138750	23	401	675	135	1804	2885	23
111472	179148	37123	12724	20698	17	89	155	39	135	225	17
111359	178988	37024	169582	182395	26	148	251	34	2011	3197	26
110943	178528	37134	169555	182443	26	715	1204	94	2866	4576	26
110934	178516	37125	175971	184230	27	572	966	71	3611	5811	27
110792	178199	36588	88386	117410	22	265	450	32	1369	2214	22
110699	178192	36957	60136	86282	21	191	327	77	1234	2000	21
110693	178183	36951	15085	23802	17	44	76	17	196	328	17
110667	178156	36947	147223	172526	25	119	203	45	3290	5256	25
110666	178019	36480	95690	126230	22	563	945	80	1524	2477	22
110612	178075	36893	73398	100134	21	72	127	33	841	1367	21
110606	177934	36432	128886	157982	24	761	1276	170	2167	3503	24
110454	177851	36765	154077	176321	25	151	258	47	6323	9963	25
110382	177753	36711	69843	96429	21	241	413	79	823	1354	21
110093	177343	36487	101193	133701	23	202	341	65	1938	3157	23
109963	177164	36395	77375	104143	21	439	737	93	843	1388	21
109963	177175	36414	138979	163940	24	439	743	80	427	711	24
109954	177073	36006	138034	163373	24	105	181	50	1873	3032	24
109905	176999	35968	93507	121793	22	63	111	28	392	636	22
109858	177029	36329	155045	176730	25	329	555	59	1106	1760	25
109621	176693	36131	172897	183829	27	212	363	71	4905	7911	27
109582	176646	36108	162252	181124	26	149	254	52	3155	5115	26
109570	176621	36088	134299	161402	24	104	182	42	4665	7539	26
109049	175802	35342	162461	181170	26	262	440	70	4069	6547	26
108926	175723	35551	34608	51311	19	71	126	31	201	333	19
108816	175466	35144	52512	73629	20	82	141	42	308	505	20
108421	174912	34840	83323	112733	22	771	1307	146	1345	2144	22
108384	174858	34810	95060	125641	22	370	624	80	1436	2361	22
108323	174843	35086	169738	182416	26	638	1082	106	2816	4500	26
108070	174467	34866	166319	182215	26	459	768	100	2629	4229	26
107886	174164	34454	23484	36561	18	150	263	38	309	512	18
107847	174231	34777	61379	87598	21	311	529	85	226	370	21
107687	173882	34303	29493	45404	19	739	1254	93	503	830	19
107565	173771	34477	78269	105043	21	504	853	49	1618	2588	21
107470	173628	34399	151263	174939	25	626	1052	107	2586	4174	25
107411	173544	34355	64781	91154	21	86	150	37	894	1471	21
107405	173483	34074	42672	63136	20	520	871	80	822	1354	20
107311	173357	34010	45641	66337	20	127	215	48	117	195	20
107148	173158	34135	3318	5229	13	21	40	15	25	44	13
107117	173116	34111	491	784	9	66	116	37	16	30	9
107106	173135	34135	107105	138491	23	498	850	105	1796	2900	23
106948	172869	33961	5415	8988	15	33	60	17	36	62	15
106708	172515	33543	109211	140175	23	351	593	55	1816	2938	23
106679	172477	33744	26457	39114	18	463	777	84	108	178	18
106573	172372	33701	113854	143540	23	519	884	67	498	822	23
106322	172011	33491	146561	172113	25	152	261	61	2786	4386	25
106192	171780	33134	8435	13649	16	54	98	22	197	329	16
105998	171529	33246	23885	35993	18	409	692	60	476	776	18
105975	171519	33219	149902	174050	25	185	309	55	2328	3780	25
105573	170910	32654	168427	183534	26	562	954	136	1784	2794	26
105489	170801	32847	16655	25816	17	408	686	83	157	267	17
105477	170782	32835	18637	28325	17	269	454	67	220	359	17
105274	170486	32671	122179	150206	23	560	938	53	1551	2494	23
105212	170395	32585	157263	177395	25	476	803	57	4526	7183	25
105122	170262	32537	144279	170883	25	359	606	107	2567	4122	25
104665	169594	31867	37097	54189	19	91	158	31	271	452	19
104610	169507	31813	61451	87663	21	192	331	59	772	1256	21
104304	169054	31836	39721	59898	20	246	418	62	736	1215	20
103995	168608	31592	136242	162548	24	436	730	122	3097	4944	24
103316	167635	31021	117248	146735	23	95	163	29	833	1339	23
103250	167497	30666	136411	162596	24	68	116	34	1507	2456	24
103122	167334	30855	61844	88028	21	292	502	79	956	1520	21
102944	167101	30751	41949	60062	19	90	156	35	228	381	19
102815	166922	30655	68326	94701	21	477	808	107	1077	1771	21
102792	166817	30298	99968	129567	22	289	491	100	675	1104	22
102270	166107	30187	112841	143381	23	102	179	35	617	1004	23
102015	165684	29658	141080	167010	24	212	365	78	2562	4093	24
101817	165447	29795	106859	138506	23	523	877	101	2303	3650	23
101760	165308	29437	38906	56354	19	294	496	71	487	794	19
101712	165311	29726	49160	70101	20	298	495	38	916	1472	20
101636	165191	29651	103721	135901	23	203	348	67	1437	2350	23
101511	164954	29233	30957	47129	19	182	310	63	538	882	19
101292	164680	29378	91927	120408	22	170	289	38	1402	2254	22
101219	164504	28960	136071	162378	24	202	340	52	4170	6593	24
101188	164527	29291	99452	132109	23	423	710	43	2416	3912	23
100981	164216	29103	61301	87458	21	127	220	41	785	1282	21
100935	164080	28722	119924	151800	24	95	164	38	863	1407	24
100915	164127	29055	160205	178456	25	141	243	61	2281	3661	25
100882	164074	29027	154686	176547	25	310	526	85	2454	3925	25
100801	163952	28962	211	348	8	34	61	8	18	34	8
100724	163838	28892	79957	109592	22	257	439	48	1988	3185	24
100509	163576	28787	58823	84846	21	388	651	93	596	992	21
100335	163209	28216	13600	20887	16	28	50	16	58	94	16
100323	163191	28204	84174	113535	22	160	274	38	1002	1611	22
100274	163191	28522	78195	107914	22	47	83	24	1152	1846	22
99882	162601	28183	308	519	9	19	34	9	21	37	9
99744	162344	27722	53056	75829	20	137	234	50	503	823	20
99409	161855	27448	42171	62599	20	184	314	50	403	662	20
98791	160987	27258	8044	13120	16	293	501	50	138	234	16
98718	160895	26935	71501	98018	21	173	301	65	383	649	21
98623	160737	27106	178813	184216	28	601	1021	146	7790	12432	28
98595	160723	26833	143905	170479	25	418	704	65	2677	4343	25
98538	160641	26790	47112	67898	20	90	155	36	531	868	20
98384	160389	26905	72289	98963	21	50	89	25	348	573	21
98337	160316	26864	89209	118138	22	579	977	108	1137	1861	22
98310	160315	26594	82297	114450	22	382	648	34	1189	1952	22
98292	160287	26576	178560	184228	28	920	1535	98	9283	14522	28
98234	160237	26941	172033	183778	27	324	542	79	6362	10065	27
97711	159452	26102	167316	182372	26	302	512	98	1515	2466	26
97379	158904	26051	57486	83429	21	281	475	59	805	1308	21
97271	158737	25945	144229	170824	25	155	270	61	1718	2743	25
96550	157699	25092	134015	162666	24	81	140	34	3281	5205	24
96282	157277	25096	134662	161595	24	448	760	114	1326	2174	24
96217	157248	25203	111187	141655	23	672	1141	69	1519	2480	23
96211	157238	25197	110265	140927	23	427	713	91	569	939	23
96195	157141	25012	53572	74815	20	93	166	48	163	269	20
95878	156682	24772	74366	104283	22	335	573	84	1965	3144	22
95617	156338	24659	17490	26847	17	295	502	85	190	314	17
95512	156185	24252	43134	63658	20	92	156	34	593	988	20
95094	155518	24094	51855	72966	20	68	119	36	248	409	20
95048	155455	24056	165755	182122	26	308	523	82	6113	9699	26
94848	155183	23993	122582	150267	23	720	1213	63	2540	4005	23
94605	154812	23779	151955	175044	25	623	1049	95	3713	5933	25
94385	154463	23472	26537	39202	18	322	548	76	289	476	18
94020	153904	23159	36915	54459	19	55	98	25	599	975	19
93984	153850	23123	472	758	9	385	648	45	23	39	9
93969	153825	23109	75545	102289	21	105	181	33	497	798	21
93620	153287	22796	72489	102431	22	365	618	102	619	1015	22
93572	153270	22879	104732	136601	23	430	716	79	2352	3797	23
93570	153213	22757	115154	145200	23	552	938	107	681	1096	23
93348	152872	22570	178651	184216	28	127	219	52	6713	10647	28
93237	152708	22488	177618	184223	28	259	439	68	9486	15007	28
93057	152447	22338	124261	154981	24	148	253	40	1381	2220	24
93011	152462	22144	39341	59444	20	76	132	36	734	1204	20
92751	151988	22082	88164	117134	22	423	719	64	1149	1885	22
92250	151298	21493	180766	184106	29	210	354	81	8896	13984	29
91876	150638	21325	114299	144580	23	388	668	123	1175	1916	23
91861	150611	21311	17286	26621	17	439	743	81	74	121	17
91680	150459	21017	155617	176724	25	413	692	89	2267	3695	25
91180	149727	20596	126631	157551	24	420	701	68	2751	4391	24
91114	149445	20616	165820	182133	26	43	78	28	3080	4928	26
90482	148493	20056	122015	153360	24	430	716	88	1204	1940	24
90451	148601	20199	177059	184126	27	350	592	87	3809	6052	27
90395	148350	19970	166240	182198	26	246	411	78	2151	3498	26
90220	148079	19821	34953	52105	19	124	208	45	308	520	19
90185	148202	19708	52956	74132	20	65	115	30	402	650	20
90101	148073	19638	135115	161892	24	200	339	48	3056	4911	24
89819	147641	19372	49366	70323	20	43	76	20	491	792	20
89790	147426	19459	98774	131495	23	244	407	59	1078	1731	23
89784	147416	19453	99175	131860	23	253	425	65	377	615	23
89724	147326	19404	45312	65984	20	435	735	88	1162	1855	20
89684	147269	19372	21119	32587	18	329	559	72	375	608	18
89533	147220	19128	94086	122307	22	642	1071	132	1268	2024	22
89471	146961	19190	126319	156373	24	106	184	48	1024	1657	24
89291	146700	19040	75471	105333	22	755	1270	162	1446	2352	22
89089	146404	18876	121735	153144	24	160	272	58	96	157	24
89063	146512	18728	20466	31787	18	779	1310	90	207	345	18
88961	146363	18637	147898	172915	25	149	257	55	4043	6465	25
88502	145499	18358	120287	152070	24	346	587	106	1987	3227	24
88263	145136	18148	24428	36653	18	108	184	48	173	289	18
88128	144947	18030	79009	108711	22	78	139	32	993	1642	22
87898	144781	17987	102058	134346	23	160	268	23	2302	3707	23
87777	144624	17645	159171	178133	25	580	983	105	3623	5708	25
87449	143923	17416	135772	162277	24	112	188	26	4216	6729	24
87420	144036	17543	29898	45885	19	585	983	75	192	313	19
87178	143687	17126	165288	182545	26	727	1211	72	7671	12215	26
86969	143219	17032	18286	29169	18	50	88	28	224	367	18
86882	143084	16960	23037	34950	18	376	629	58	296	477	18
86873	143066	16948	21365	32880	18	90	156	30	226	376	18
86812	143137	16806	128273	157614	24	141	243	54	831	1344	24
86298	142319	16523	112847	142822	23	435	732	85	2617	4146	23
86280	142133	16404	95149	123188	22	86	151	44	775	1279	22
86274	142123	16398	117771	150159	24	385	646	46	2996	4774	24
85817	141425	15995	156354	177265	25	430	718	59	3015	4885	25
85683	141415	15810	51782	72862	20	183	317	66	288	472	20
85503	140970	15739	57688	83657	21	127	214	41	853	1389	21
85410	140824	15651	63098	89310	21	807	1362	95	976	1592	21
85058	140288	15335	146104	171916	25	244	416	55	5794	9131	25
84831	140064	15209	57483	83418	21	384	650	75	888	1443	21
84720	139889	15099	143975	170530	25	204	346	61	2601	4207	25
84657	139681	14987	61543	87712	21	76	135	41	1095	1781	21
84516	139473	14874	78368	108095	22	207	351	72	785	1291	22
84420	139426	14825	112217	142340	23	415	710	111	3442	5497	23
84044	138886	14324	47160	69437	20	197	338	22	1560	2493	20
83897	138642	14180	48543	69443	20	439	728	82	337	547	20
83707	138241	14155	13079	21167	17	254	428	45	193	323	17
83689	138210	14137	144864	171239	25	200	342	41	2498	4017	25
83494	137884	13951	35787	53074	19	175	304	47	1184	1915	19
83401	137741	13864	123710	154562	24	551	927	74	1930	3059	24
83200	137530	13701	142870	169829	25	586	987	87	2539	4101	25
83181	137539	13534	139644	164300	24	165	283	64	1911	3090	24
82891	137083	13268	85389	114613	22	155	269	54	430	719	22
82845	136988	13375	113568	143369	23	409	683	73	2381	3826	23
82766	136759	13298	26708	39403	18	201	339	58	308	503	18
82726	136826	13126	61444	84584	20	204	351	62	333	549	20
82618	136532	13169	119261	148278	23	210	350	39	1890	3038	23
82510	136482	12922	155851	178098	26	217	361	40	6252	9922	26
82437	136262	13002	162501	181295	26	165	280	68	6128	9735	26
82388	136293	12814	171457	183881	26	61	110	34	2961	4787	26
81997	135579	12612	157115	178848	26	83	144	40	3347	5342	26
81590	135045	12083	115856	145121	23	496	841	71	2766	4334	23
81527	134955	12029	106889	138331	23	134	230	37	1516	2452	23
81488	134779	12153	31516	47892	19	403	682	69	801	1299	19
81253	134467	11889	64840	91208	21	80	141	35	540	882	21
81159	134300	11888	128634	157895	24	157	271	54	3559	5650	24
81087	134190	11819	156940	177574	25	72	127	33	4853	7768	25
80779	133744	11566	50253	71284	20	211	355	70	828	1315	20
80772	133776	11337	67026	93447	21	175	302	69	980	1608	21
80685	133636	11264	156794	178632	26	61	105	34	3582	5815	26
80443	133208	11252	122038	153381	24	229	388	74	732	1193	24
80440	133205	11249	59931	86058	21	160	280	61	152	250	21
80281	132945	11094	166177	182198	26	213	365	76	2558	4113	26
80260	132915	11073	107092	138695	23	565	953	85	1095	1771	23
80239	132881	11053	118506	147678	23	153	267	61	385	638	23
80113	132761	10761	176143	184106	27	445	747	123	7656	12076	27
80035	132644	10695	65352	91744	21	84	151	35	402	658	21
80022	132564	10771	58030	84008	21	236	399	77	332	556	21
79912	132458	10580	61276	84441	20	451	766	114	230	380	20
79898	132362	10746	20845	32243	18	240	412	48	49	78	18
79750	132157	10539	150948	174491	25	188	327	65	1116	1793	25
79670	132000	10527	30792	47028	19	215	368	79	436	711	19
79541	131883	10239	37160	54258	19	88	153	37	296	483	19
79537	131829	10347	99680	132330	23	206	348	65	1532	2445	23
79517	131780	10414	129069	158127	24	639	1081	122	1742	2789	24
79193	131263	10118	17412	28066	18	157	267	30	297	485	18
79189	131309	10059	70717	97211	21	97	168	41	453	741	21
78956	130947	9851	106258	137853	23	97	165	33	1633	2649	23
78860	130740	9815	61020	87200	21	501	844	141	1693	2743	21
78166	129729	9135	119130	147726	23	162	281	41	920	1518	23
78134	129698	8955	14400	22892	17	99	166	29	385	629	17
78107	129653	8930	88688	120136	22	271	468	72	875	1420	22
77575	128747	8646	165265	182046	26	120	201	48	4402	7021	26
77562	128809	8435	62629	88968	21	80	139	41	791	1281	21
77524	128665	8595	111875	142609	23	65	114	35	799	1325	23
77234	128210	8330	21857	33472	18	291	496	84	382	635	18
76993	127829	8100	93146	121473	22	457	770	114	970	1568	22
76810	127548	7920	138428	163575	24	77	138	42	2321	3665	24
76762	127475	7873	177178	184230	27	329	560	105	9919	15595	27
76602	127305	7566	125045	155452	24	298	501	64	1396	2254	24
76203	126724	7242	168922	183665	26	430	722	86	964	1570	26
76110	126580	7158	137968	165164	24	408	681	110	925	1509	24
76089	126547	7138	163006	181615	26	299	509	94	3093	4986	26
75967	126361	7034	14521	22061	16	252	432	72	218	359	16
75796	126101	6867	160256	178467	25	96	166	45	3295	5249	27
75779	126058	6985	103810	135876	23	451	757	129	1006	1626	23
75773	125916	6948	43080	63620	20	69	122	32	807	1317	20
75719	125966	6931	28628	44369	19	94	162	29	459	758	19
75473	125462	6665	67062	93579	21	430	722	71	391	650	21
75340	125396	6452	137157	162998	24	721	1205	94	3975	6370	24
75161	124989	6386	48998	69946	20	177	304	66	546	884	20
75102	125029	6238	171256	183881	26	359	614	108	2606	4196	26
75008	124760	6245	77191	103983	21	154	268	33	1992	3229	21
74642	124209	5910	179991	184223	28	201	353	62	8008	12594	28
74565	124207	5783	172420	183765	27	256	443	67	4451	7105	27
74028	123285	5381	63460	89702	21	312	525	31	1524	2442	21
73795	122973	5051	103106	135307	23	410	697	129	982	1592	23
73262	122087	4689	73257	99856	21	670	1135	119	619	1010	21
73261	122079	4670	41334	61679	20	264	434	30	695	1152	20
73240	122043	4649	114356	144630	23	166	284	51	2019	3251	23
73231	122092	4539	146258	171940	25	78	134	43	2368	3837	25
73180	121939	4590	125446	155808	24	271	462	74	1691	2742	24
73157	121919	4593	66650	93060	21	420	701	93	515	849	21
72994	121645	4419	30927	47179	19	409	690	99	331	546	19
72903	121518	4361	149258	173684	25	771	1287	167	1656	2678	25
72703	121178	4144	86702	115815	22	72	124	38	655	1075	22
72673	121156	4153	19092	28912	17	329	560	53	180	301	17
72622	121159	3997	7063	11179	15	779	1313	103	78	135	15
72619	121041	4062	39447	59587	20	154	262	64	330	545	20
72268	120483	3742	160460	180385	26	357	603	74	6171	9805	28
72178	120457	3582	169450	183702	26	163	278	54	4313	6837	26
71467	119293	3067	112363	142448	23	468	790	81	1250	2010	23
71414	119139	2956	8241	13387	16	85	150	26	220	371	16
71255	118889	2810	165170	182020	26	212	362	62	3277	5172	26
71154	118722	2717	155170	176814	25	643	1092	99	3096	5022	25
71108	118762	2584	158892	179599	26	407	689	86	2820	4510	26
71064	118696	2546	85187	114403	22	226	387	60	1327	2126	22
70995	118478	2570	159589	179933	26	474	803	88	2900	4663	26
70931	118445	2577	13045	21118	17	428	726	87	90	147	17
70736	118148	2407	35985	52848	19	50	91	27	411	670	19
70539	117868	2070	131130	160754	24	180	303	54	2312	3685	24
70402	117536	2018	135082	161865	24	460	776	102	1122	1821	24
69826	116619	1475	75893	102674	21	83	146	31	1187	1930	21
69800	116686	1573	119902	148336	23	332	567	71	1201	1979	23
69471	116170	1086	27381	41154	18	371	628	98	364	595	18
69443	116016	1131	103732	135912	23	109	185	35	1793	2913	23
69276	115855	907	104070	136073	23	165	280	31	1789	2892	23
68839	115065	588	167009	182314	26	171	290	40	2929	4691	26
68782	115069	446	164816	181952	26	248	425	56	6593	10476	26
68774	115041	615	122063	149862	23	438	736	59	1955	3147	23
68332	114263	114	83724	113109	22	271	461	76	815	1313	22
68121	114006	65364	161381	180766	26	98	168	30	3895	6150	26
68114	113923	65448	11191	17253	16	779	1313	104	141	237	16
67727	113319	65101	62990	89203	21	236	401	77	400	662	21
67625	113203	65069	62384	88712	21	331	557	109	1544	2499	21
67455	112943	64750	134331	162879	24	429	726	86	1695	2741	24
67298	112606	64684	137829	163263	24	413	698	76	1180	1901	24
67286	112584	64672	119332	151362	24	250	431	86	2181	3483	24
67169	112474	64647	60213	86382	21	244	412	53	473	773	21
67028	112162	64425	62287	88447	21	236	402	73	1518	2416	21
66767	111744	64187	148706	173379	25	220	374	69	1820	2940	25
66517	111443	64025	106379	137941	23	687	1155	111	782	1269	23
66440	111336	63803	76458	103181	21	245	422	83	498	810	21
66239	110907	63703	153867	176231	25	407	679	75	3581	5728	25
66150	110885	63548	162292	181266	26	241	411	64	2507	4031	26
65889	110466	63469	60733	86935	21	827	1393	137	1408	2269	21
65865	110430	63278	123535	154430	24	248	412	40	2889	4636	24
65414	109585	62926	133982	161211	24	413	705	100	1718	2780	24
65363	109507	62880	121020	152573	24	49	87	30	1603	2624	24
65351	109482	62864	125234	155654	24	1049	1759	142	1529	2459	24
65283	109525	62907	28860	44660	19	278	477	93	164	266	19
65229	109444	62857	18844	28583	17	93	158	39	86	152	17
65225	109282	62743	76549	103330	21	299	505	33	1151	1851	21
64862	108694	62397	66034	92481	21	220	380	65	1190	1907	21
64589	108435	62259	180761	184126	29	115	196	47	9414	14823	29
64274	107764	61854	53318	74538	20	827	1374	56	1790	2899	22
64205	107655	61789	16164	25174	17	406	685	37	348	569	17
64147	107633	61660	94853	125435	22	376	640	72	632	1020	22
64092	107630	61791	28905	44721	19	116	201	43	330	545	19
63931	107287	61470	145296	169106	24	713	1210	118	2954	4763	24
63286	106251	60860	178234	184228	28	473	805	96	4868	7821	28
63286	106251	60859	174637	184106	27	335	569	95	3190	5121	27
63269	106182	60911	113279	143728	23	335	566	67	1561	2513	23
62863	105588	60482	77830	107543	22	158	270	58	823	1353	22
62809	105503	60434	77765	107489	22	148	251	28	586	969	22
62795	105434	60486	3213	5328	14	590	992	98	37	64	14
62528	105129	60329	145896	171732	25	381	648	61	3852	6194	25
62471	104904	60175	14596	23141	17	659	1109	73	92	152	17
62342	104697	60055	112357	143052	23	178	308	73	3120	4946	23
62238	104534	59956	165915	182156	26	290	489	66	3920	6403	26
62210	104630	60031	109051	140001	23	694	1180	119	3238	5196	25
62102	104452	59925	31844	48141	19	81	138	27	519	836	19
61730	103708	59480	93922	122149	22	314	531	72	692	1134	22
61341	103081	59118	47185	67977	20	112	187	24	455	759	20
61233	102908	59016	18063	28882	18	491	825	48	202	324	18
61231	102981	58958	168305	182395	26	356	602	110	2227	3597	26
61168	102884	58898	165001	181997	26	419	712	70	4522	7201	26
61158	102785	58942	139858	164435	24	140	239	48	1624	2595	24
61003	102622	58746	85985	115138	22	187	317	48	784	1263	22
60561	101910	58346	12731	19751	16	442	744	94	125	213	16
60558	101970	58479	18138	27669	17	816	1379	191	178	301	17
60459	101679	58288	136105	162350	24	216	365	72	1302	2118	24
60348	101503	58181	105459	137299	23	188	321	69	1778	2806	23
59946	100873	57826	45739	66419	20	142	245	48	455	755	20
59826	100678	57712	139238	164059	24	422	711	106	386	639	24
59730	100548	57578	76328	106072	22	181	311	58	2162	3535	22
59628	100353	57524	3517	5745	14	80	141	38	70	121	14
59574	100266	57471	110957	141912	23	141	238	37	1435	2326	23
59559	100269	57412	164363	181825	26	196	334	76	5942	9356	26
59521	100315	57525	176123	184126	27	205	347	87	4656	7486	27
59330	99865	57242	130275	158847	24	464	778	102	2802	4579	24
59034	99424	56940	26131	39700	18	472	796	92	341	563	18
58980	99287	56921	153193	175921	25	795	1341	59	2524	4035	25
58866	99147	56779	175053	184106	27	284	475	37	4721	7530	27
58597	98723	56526	86210	115339	22	179	305	52	937	1515	22
58473	98462	56434	39049	59133	20	265	447	36	398	664	20
58290	98162	56256	81699	111271	22	109	185	42	841	1365	22
57840	97421	55828	120670	152317	24	92	162	48	2267	3675	24
57714	97209	55704	80785	110392	22	300	515	82	1231	1981	22
57598	97235	55713	103890	135937	23	142	249	53	780	1245	23
57568	97073	55576	72157	102111	22	635	1074	86	839	1378	22
57324	96574	55327	13232	21374	17	115	198	39	185	313	17
57277	96727	55421	32775	49209	19	266	457	39	575	946	19
57178	96573	55323	145616	171576	25	48	86	29	2021	3278	25
57111	96238	55132	73519	103461	22	124	214	48	601	980	22
56868	95847	54904	164323	181841	26	367	622	122	1838	2975	26
56571	95370	54623	157039	177523	25	284	486	55	3274	5232	25
56563	95447	54631	60447	86621	21	265	454	65	1073	1729	21
56553	95337	54605	42227	60422	19	143	245	45	55	92	19
56334	94989	54404	121494	152944	24	267	443	44	310	516	24
55970	94497	54077	62213	88512	21	268	457	77	558	919	21
55818	94168	53907	113036	143558	23	384	650	97	2246	3612	23
55761	94079	53851	59611	85716	21	72	125	37	662	1088	21
55565	93850	53710	91181	122291	22	314	537	42	3394	5492	24
55500	93652	53601	61362	87525	21	451	763	83	918	1482	21
55385	93552	53537	158545	177836	25	261	447	57	2111	3408	25
55330	93602	53595	110886	141401	23	342	568	83	708	1153	23
55180	93125	53295	6700	10733	15	99	171	25	188	311	15
54883	92636	53006	86226	115356	22	250	422	80	1710	2751	22
54712	92363	52854	40507	60749	20	431	734	74	476	785	20
54629	92309	52806	9914	16064	16	349	592	66	39	67	16
54302	91928	52617	2389	3942	13	625	1058	75	73	123	13
54262	91636	52427	119994	148677	23	272	461	67	1868	2984	23
54103	91377	52271	104771	136733	23	363	612	87	1398	2224	23
54076	91332	52244	44156	64771	20	463	784	96	787	1267	20
54022	91242	52194	22197	33893	18	89	154	42	152	257	18
53880	91089	52100	10384	16693	16	355	596	100	259	429	16
53810	91101	52137	67226	93625	21	118	205	37	1429	2291	21
53571	90574	51805	174998	184106	27	132	224	47	5433	8682	27
53470	90329	51674	48985	69919	20	95	165	46	958	1540	20
53410	90230	51620	81003	110600	22	258	435	48	2101	3407	22
53371	90168	51581	31387	47725	19	55	99	31	353	574	19
53303	90262	51653	173302	183957	27	130	224	43	4607	7422	27
53296	90038	51512	3233	5355	14	554	933	64	103	180	14
52912	89517	51188	133782	162520	24	205	353	54	2904	4703	24
52556	88819	50811	118681	147817	23	87	153	43	1059	1727	23
52240	88402	50548	105555	133763	22	67	115	34	218	358	22
52208	88254	50472	167254	182351	26	504	854	96	1013	1651	26
52066	88100	50382	90322	121526	22	335	565	88	1141	1865	22
52058	88026	50334	7292	12118	16	48	85	30	84	149	16
51935	87825	50215	69131	95684	21	201	338	55	560	915	21
51901	87827	50223	174451	184106	27	61	111	29	5568	8845	27
51692	87640	50131	160794	178546	25	60	106	35	2900	4620	25
51629	87532	50069	38131	55457	19	269	447	33	394	654	19
51376	86951	49722	130535	159022	24	110	190	40	1999	3186	24
51311	87017	49763	68271	94627	21	335	570	69	1567	2502	21
51201	86637	49542	23813	35912	18	81	140	28	238	384	18
51116	86515	49471	63538	89907	21	199	341	63	602	980	21
50898	86164	49270	161814	181021	26	195	333	74	3940	6290	26
50740	85892	49116	162194	181062	26	802	1363	140	4707	7580	26
50579	85805	49061	116132	145348	23	765	1301	129	384	628	23
50494	85467	48874	122358	153579	24	267	443	66	2017	3253	24
50494	85467	48874	143821	168403	24	337	568	116	2295	3704	24
50200	85012	48602	52040	73156	20	162	266	38	557	933	20
50101	84848	48505	74622	101340	21	319	535	47	853	1361	21
49931	84735	48455	77928	104661	21	79	135	29	904	1468	21
49639	84089	48070	133505	162334	24	149	257	54	1525	2479	24
49453	83791	47893	104418	136444	23	71	119	29	1670	2675	23
49319	83575	47768	75470	105267	22	92	159	36	1147	1882	22
49303	83548	47748	122490	153713	24	233	386	48	1157	1893	24
49234	83443	47694	90673	119415	22	79	139	42	1076	1751	22
49174	83354	47626	116785	149387	24	120	206	40	529	865	24
49000	83068	47460	25262	37667	18	80	134	38	80	136	18
48712	82577	47184	20548	31887	18	211	353	32	405	667	18
48337	81951	46818	39907	60081	20	149	249	30	567	930	20
48331	81940	46812	52696	73852	20	132	228	46	263	432	20
48316	81916	46816	45152	67294	20	787	1311	108	887	1457	20
48211	81741	46698	177092	184216	28	343	583	106	4008	6456	28
48208	81923	46854	9117	14535	16	224	379	40	201	328	16
48139	81617	46632	164160	181793	26	168	286	70	4330	6945	26
48094	81738	46741	118686	147367	23	70	122	35	1007	1620	23
47788	81045	46308	164630	181877	26	344	589	60	5023	8012	26
47764	81183	46423	160940	178594	25	315	531	55	2815	4560	25
47659	80833	46180	20629	31987	18	160	278	42	464	755	18
47641	80979	46303	153219	175622	25	705	1181	129	2760	4439	25
47407	80412	45937	142928	169931	25	529	900	67	3214	5201	25
47131	80125	45805	74944	101571	21	288	480	47	895	1470	21
47077	79857	45614	118152	150438	24	307	516	60	885	1431	24
46999	79733	45540	22292	34021	18	105	182	44	303	488	18
46976	79717	45540	167039	183179	26	432	723	110	6053	9697	26
46886	79565	45458	48860	69806	20	261	442	76	677	1075	20
46672	79184	45224	17546	28232	18	324	547	114	628	1045	20
46615	79094	45172	77995	107716	22	286	477	48	884	1431	22
46483	78875	45043	117912	147268	23	224	385	83	1351	2217	23
46412	78773	45000	18719	29669	18	60	99	32	235	384	18
46360	78670	44922	135217	161918	24	159	272	72	1295	2109	24
46357	78665	44922	80348	109946	22	503	847	64	664	1091	22
45992	78078	44592	164403	181825	26	161	274	56	2694	4363	26
45764	77701	44368	4825	7743	14	222	377	52	96	166	14
45703	77810	44433	15020	23677	17	100	176	35	128	220	17
45533	77313	44145	32783	49258	19	125	218	43	366	589	19
45526	77299	44119	41465	59568	19	180	300	37	385	637	19
45470	77212	44064	129402	158324	24	451	764	72	1941	3125	24
45452	77181	44046	139287	164093	24	96	168	44	1860	3004	24
45313	76952	43916	21744	33353	18	204	346	56	218	368	18
45079	76758	43825	152957	175518	25	337	577	81	2671	4296	25
44740	75989	43366	80858	110437	22	37	67	22	898	1448	22
44566	75702	43195	149939	174115	25	486	813	91	2316	3806	25
44531	75712	43222	132174	160043	24	126	215	48	1394	2263	24
44497	75590	43130	19649	30777	18	64	112	18	438	714	18
44491	75580	43124	20886	32291	18	59	106	18	378	613	18
44294	75317	42990	9452	14978	16	48	84	16	153	250	16
44171	75051	42829	7534	11867	15	71	124	19	205	338	15
43874	74561	42548	178767	184223	28	407	692	112	7321	11517	28
43766	74433	42478	84011	113371	22	829	1406	188	834	1345	22
43682	74249	42369	152428	175581	25	110	192	33	2747	4411	27
43679	74285	42391	154789	176259	25	515	866	125	4994	7989	25
43448	73869	42155	7795	12209	15	186	319	61	91	154	15
43307	73632	42021	121983	150076	23	349	591	55	1887	3077	23
43199	73449	41920	84978	114232	22	435	742	72	1640	2654	22
42752	72715	41486	132702	160394	24	161	269	56	2060	3324	24
42338	72033	41084	22664	34479	18	154	267	52	365	598	18
42200	71805	40951	62625	88813	21	323	553	89	932	1511	21
42194	71797	40945	105721	137534	23	122	212	31	1343	2139	23
42188	71774	40954	123205	154175	24	118	202	52	1685	2715	24
42098	71637	40851	66599	93099	21	739	1255	121	687	1132	21
41969	71420	40724	163557	181652	26	210	354	54	4738	7663	26
41783	71106	40541	40232	58186	19	105	181	19	433	711	19
41528	70692	40302	18443	29341	18	283	474	72	218	363	18
41054	69923	39858	73400	103332	22	377	635	68	1672	2690	22
40840	69639	39719	12873	20893	17	168	286	57	185	320	17
40835	69544	39649	68603	95007	21	169	288	51	570	911	21
40463	68948	39294	156559	178527	26	581	975	88	4126	6617	26
40448	68921	39280	46429	67168	20	461	770	76	427	716	20
40411	68917	39299	149727	173945	25	521	870	91	1792	2884	25
40313	68702	39148	179670	184223	28	136	228	42	7464	11824	28
40307	68691	39142	178130	184223	28	807	1351	132	6668	10495	28
40133	68402	38973	41079	59117	19	77	137	33	424	696	19
40103	68339	38950	138280	163528	24	295	491	28	2425	3904	24
39949	68131	38855	110284	140942	23	380	636	71	846	1367	23
39914	68030	38767	118235	147492	23	97	173	29	970	1562	23
39769	67830	38685	178227	184126	27	137	229	45	5546	8843	27
39695	67669	38566	73648	103586	22	288	490	78	746	1210	22
39689	67659	38560	47346	68157	20	166	284	64	508	830	20
39308	67026	38197	6877	10978	15	618	1025	43	110	186	15
39194	66832	38085	32996	49706	19	180	306	47	202	336	19
38870	66283	37759	72134	98693	21	254	432	49	2651	4217	21
38846	66246	37753	37437	55075	19	89	155	37	388	643	19
38831	66220	37739	151068	174829	25	215	373	69	3871	6305	25
38831	66218	37721	29968	45947	19	148	252	41	940	1539	19
38831	66218	37722	48457	69348	20	149	253	42	1680	2698	20
38558	65779	37473	146794	172315	25	110	186	37	5470	8660	25
38429	65567	37354	127813	157355	24	382	650	62	3959	6253	24
38309	65364	37243	122790	150576	23	661	1106	77	1917	3068	23
38261	65290	37186	83205	115318	22	176	301	72	1209	1979	22
38222	65226	37147	59837	85953	21	174	299	75	267	438	21
38216	65216	37142	144449	168665	24	301	514	88	1862	2991	24
38083	65042	37053	107322	138631	23	639	1089	89	1898	3044	23
37502	64005	36467	107519	139060	23	283	479	67	1839	2948	23
37433	63884	36402	117925	150267	24	71	123	34	1789	2887	24
36704	62674	35708	118200	150492	24	310	524	76	2567	4115	24
36600	62518	35602	105470	133695	22	189	329	42	570	919	22
36497	62327	35506	159855	180066	26	131	227	60	3761	6115	26
36480	62333	35496	128064	158573	24	464	775	48	2017	3237	24
36410	62256	35439	160069	178379	25	503	841	47	3599	5834	25
36272	61967	35292	140124	164565	24	454	768	78	891	1461	24
36254	61933	35274	177313	184216	28	531	891	72	9644	15105	28
36197	61838	35218	1231	2057	12	22	39	12	32	56	12
35867	61278	34900	91009	119683	22	442	754	64	822	1336	22
35841	61244	34870	83024	115158	22	211	361	46	1580	2523	22
35744	61068	34778	163203	181525	26	380	648	96	2477	3980	26
35612	60850	34656	117650	150073	24	406	683	58	3537	5649	24
35516	60757	34567	75257	101937	21	199	335	31	393	653	21
35286	60332	34346	48396	70825	20	377	643	72	510	836	20
34656	59271	33733	78710	105465	21	253	431	75	377	610	21
34523	59071	33602	19932	31133	18	129	222	38	155	260	18
34514	59057	33587	156376	177023	25	85	149	45	2026	3291	25
34440	58904	33524	119337	151334	24	72	124	36	2479	4003	24
34160	58455	33249	158191	177719	25	140	240	43	3037	4909	25
33908	58052	33020	17868	28626	18	514	860	114	403	657	18
33785	57851	32904	44986	65654	20	198	335	58	429	690	20
33692	57691	32816	48226	69098	20	251	428	54	462	748	20
33674	57658	32785	159077	178107	25	84	147	43	2146	3527	25
33662	57640	32786	49377	70335	20	77	133	30	428	701	20
33240	56894	32365	41688	59747	19	364	615	95	263	419	19
33158	56806	32295	142674	169779	25	406	686	81	2822	4538	25
33069	56606	32198	49165	71660	20	347	583	72	401	669	20
32858	56319	32013	32476	49050	19	520	872	109	231	382	19
32825	56258	31982	80769	110342	22	124	215	46	416	679	22
32783	56184	31940	81763	111332	22	555	935	118	512	857	22
32718	56014	31854	23189	35126	18	280	469	50	90	151	18
32660	55975	31819	67090	93603	21	239	406	77	788	1274	21
32586	55788	31724	90244	119043	22	181	304	52	534	882	22
32130	55037	31285	175766	184106	27	102	176	45	3564	5642	27
32124	55027	31279	147020	172391	25	516	883	93	4384	6924	25
32111	55056	31292	4469	7058	14	140	239	48	37	62	14
32045	54944	31230	155809	178083	26	414	698	102	3496	5622	26
32030	54921	31216	164110	181739	26	624	1047	130	1772	2855	26
31815	54522	30986	62291	85480	20	99	172	50	746	1213	20
31769	54487	30962	52578	73712	20	469	787	74	509	825	20
31706	54381	30904	132546	160294	24	399	668	98	2477	4067	24
31517	54047	30719	109173	140079	23	678	1136	87	4194	6735	25
31346	53749	30551	31406	47642	19	81	138	19	711	1154	19
31232	53567	30441	2827	4549	13	59	101	25	30	49	13
30774	52787	29971	17763	27196	17	89	151	35	233	382	17
30285	51961	29495	146800	172246	25	229	392	81	849	1377	25
30236	51885	29473	152465	175605	25	153	266	65	2466	4005	25
30128	51704	29370	44141	64751	20	132	232	50	613	1000	20
29993	51480	29239	154356	176431	25	370	623	115	1926	3103	25
29661	50922	28902	83654	115685	22	733	1231	130	999	1657	22
28700	49298	27986	128218	157627	24	225	379	48	1831	2915	24
28604	49130	27892	125668	155951	24	780	1311	94	1137	1849	24
28542	49028	27819	150751	174409	25	180	310	73	2892	4629	25
28223	48499	27523	61768	88004	21	158	269	49	1025	1644	21
27518	47293	26835	174588	184125	27	468	792	97	6825	10907	27
27485	47240	26807	156313	176995	25	669	1138	91	2347	3837	25
26882	46194	26217	156045	176889	25	214	360	83	818	1316	25
26718	45944	26061	18364	27953	17	398	670	53	486	800	17
26717	45916	26054	51596	72684	20	453	767	78	426	697	20
26660	45816	25998	49882	70866	20	719	1217	102	538	879	20
26565	45681	25912	137919	163321	24	687	1156	110	1376	2246	24
26495	45535	25838	178694	184216	28	680	1147	114	8085	12876	28
26382	45360	25732	164032	181693	26	437	741	98	5292	8466	26
26330	45254	25676	49203	70142	20	657	1106	76	695	1137	20
26216	45069	25570	86089	115216	22	456	762	102	859	1397	22
26076	44835	25434	148078	170294	24	692	1165	110	1920	3121	24
25844	44428	25205	174934	184152	27	463	776	103	6471	10200	27
25667	44122	25033	59812	85929	21	461	769	39	501	828	21
25655	44102	25019	19787	29793	17	299	503	33	223	375	17
25535	43893	24903	112781	143334	23	47	84	31	1113	1820	23
25455	43777	24830	58096	81168	20	316	538	76	795	1301	20
25332	43567	24711	62547	88873	21	182	312	53	809	1324	21
25178	43297	24553	67747	94267	21	46	82	31	860	1380	21
25152	43269	24540	52258	73373	20	306	517	68	660	1061	20
25028	43044	24405	40078	58030	19	401	694	63	308	493	19
24930	42886	24322	73097	103054	22	134	228	46	796	1272	22
24897	42828	24290	92152	123204	22	349	591	62	1251	2028	22
24885	42806	24278	60172	83327	20	172	292	48	489	795	20
24869	42768	24250	39062	59143	20	90	163	48	441	715	20
24584	42285	23972	180302	184223	28	450	753	60	9225	14619	28
24512	42164	23901	159752	178339	25	157	263	53	4324	6864	25
24434	42029	23824	135052	161856	24	501	839	92	1850	3051	24
24239	41718	23635	29427	45313	19	51	91	23	367	608	19
24195	41640	23612	92853	123775	22	50	91	24	1509	2449	22
24159	41580	23576	179314	183881	28	805	1350	140	11154	17568	28
24077	41432	23478	156143	178295	26	155	268	42	3717	6048	26
23993	41291	23395	35223	52422	19	532	902	69	449	719	19
23976	41271	23404	24734	37058	18	248	420	64	162	269	18
23964	41251	23392	31368	45774	18	214	366	68	679	1093	18
23957	41231	23361	101466	133847	23	257	436	73	3204	5036	23
23900	41135	23304	129517	158398	24	203	340	64	2084	3370	24
23570	40573	22982	116352	149066	24	114	197	44	3744	5927	24
23339	40181	22758	88838	117769	22	431	724	126	534	871	22
23303	40122	22725	13646	21896	17	304	523	43	202	332	17
23201	39951	22625	100410	132981	23	223	382	57	1744	2825	23
22931	39495	22364	137303	163010	24	282	484	94	2724	4409	24
22893	39407	22347	63754	90119	21	555	934	121	673	1094	21
22622	38957	22060	7300	12124	16	57	98	22	147	238	16
22455	38674	21901	108213	139587	23	113	189	29	2079	3322	23
22430	38644	21881	29177	45029	19	372	635	77	689	1115	19
22428	38609	21893	6009	9784	15	328	549	55	95	161	15
22388	38573	21842	51563	72668	20	301	505	30	543	894	20
22151	38177	21617	157877	177618	25	747	1262	169	1464	2357	25
22133	38139	21591	175352	184180	27	455	770	63	7645	12090	27
22079	38047	21538	7498	12395	16	44	77	32	54	95	16
21912	37722	21390	96051	126512	22	368	626	90	907	1471	22
21788	37568	21267	103325	135502	23	435	749	81	1531	2440	23
21675	37312	21156	105388	133655	22	494	832	86	1700	2754	22
21654	37274	21136	53302	74523	20	106	185	38	513	835	20
21509	37080	20990	42431	62917	20	117	202	44	853	1371	20
21402	36843	20890	170755	183880	26	218	379	76	6060	9705	26
21122	36438	20614	163597	181551	26	464	777	50	4326	6910	26
21095	36392	20587	62946	89151	21	116	202	43	399	667	21
20945	36138	20442	138358	163546	24	300	509	80	1808	2899	24
20915	36068	20411	160691	178522	25	86	152	41	3934	6251	25
20810	35901	20309	142880	169901	25	304	518	71	7957	12616	27
20804	35887	20304	127029	156849	24	95	164	36	2943	4760	24
20760	35736	20266	25930	39465	18	125	216	62	172	276	18
20613	35491	20123	121438	149439	23	231	389	77	1125	1865	23
20562	35408	20076	38522	58539	20	720	1219	134	643	1045	20
20291	35005	19800	177313	184223	28	413	697	124	9239	14665	28
19763	34110	19287	147625	172730	25	103	179	25	3718	5990	25
19472	33594	19007	147864	172889	25	79	139	37	2445	3927	25
19181	33102	18720	158039	179292	26	340	581	92	5663	9046	26
18927	32608	18489	29179	45030	19	356	609	69	946	1521	19
18456	31799	18032	26404	39043	18	31	56	20	147	239	18
18401	31764	17959	147659	172769	25	359	608	57	1979	3211	25
18350	31678	17909	14209	22641	17	389	658	81	157	260	17
18344	31667	17903	106333	137908	23	446	759	93	2118	3406	23
18080	31218	17646	117550	150001	24	78	137	46	1497	2405	24
18059	31170	17623	19385	29287	17	308	516	45	158	263	17
18032	31134	17598	139051	163941	24	178	301	66	2805	4509	24
17901	30850	17490	14469	21990	16	459	776	78	199	341	16
17583	30303	17179	74314	100925	21	187	324	47	356	579	21
17126	29565	16713	116788	146380	23	96	165	35	830	1345	23
16995	29289	16604	126626	156538	24	385	653	60	4115	6610	24
16989	29278	16598	136570	162659	24	131	225	60	2312	3700	24
16889	29154	16484	87693	116681	22	385	647	72	547	899	22
16700	28839	16301	172051	183778	27	648	1091	155	2859	4608	27
16567	28541	16184	130660	160458	24	94	164	36	1875	2998	24
16391	28313	16000	87920	116906	22	664	1107	84	966	1591	22
16082	27786	15698	139528	164272	24	106	181	44	1906	3101	24
15845	27377	15465	78383	105170	21	84	142	33	1163	1863	21
15681	27057	15322	140399	166605	24	220	373	74	1189	1938	24
15677	27088	15304	127902	157416	24	166	281	54	3545	5677	24
15675	27046	15316	165882	182158	26	403	680	100	1505	2456	26
15449	26693	15079	119273	148210	23	528	899	95	411	671	23
14993	25924	14644	122509	153704	24	200	341	50	1590	2598	24
14258	24683	13936	161711	180916	26	428	721	84	1938	3086	26
14217	24571	13902	8468	13690	16	75	133	22	249	409	16
14172	24493	13858	84947	114179	22	566	954	70	873	1423	22
14130	24420	13816	122198	153473	24	133	223	46	725	1192	24
13965	24173	13655	29569	45479	19	769	1303	133	567	922	19
13827	23930	13519	99000	131722	23	760	1285	73	1342	2174	23
13758	23783	13451	2076	3509	13	225	389	59	72	123	13
13452	23292	13155	59916	86036	21	223	372	41	878	1410	21
13302	23029	13005	64392	90717	21	453	764	97	640	1052	21
12873	22293	12587	64153	90456	21	279	475	73	1276	2075	21
12771	22119	12492	18388	29277	18	95	161	40	72	123	18
12750	22070	12466	88061	117113	22	84	147	42	1142	1853	22
12345	21371	12068	47232	68028	20	232	394	54	239	393	20
12219	21169	11953	157486	177455	25	308	514	59	2380	3856	25
11967	20730	11702	129767	158552	24	503	844	78	1965	3143	24
11946	20695	11682	156757	178628	26	120	209	52	4865	7627	26
11883	20594	11622	157131	178852	26	146	248	42	3867	6224	26
11871	20574	11610	25586	38075	18	248	422	78	255	420	18
11859	20553	11598	128689	157923	24	428	731	90	1789	2881	24
11754	20344	11490	127617	158261	24	155	264	62	4203	6748	24
11733	20333	11477	117949	147308	23	780	1311	95	1407	2274	23
11508	19943	11256	133226	160751	24	323	546	116	1290	2077	24
11424	19776	11166	24723	37043	18	85	148	34	196	322	18
11223	19459	10978	41423	61792	20	345	584	62	723	1184	20
11196	19390	10944	54046	75335	20	206	351	68	540	889	20
10977	19013	10728	76267	106015	22	169	292	56	1368	2235	22
10968	19022	10729	105705	137518	23	610	1028	51	2120	3423	23
10815	18759	10582	39362	59489	20	442	741	84	283	474	20
10797	18730	10564	76710	106471	22	363	619	76	801	1300	22
10791	18692	10548	94708	122846	22	139	237	52	1108	1775	22
10707	18573	10476	43906	64508	20	610	1024	74	80	137	20
10596	18380	10367	142906	169919	25	222	371	55	3720	5959	25
10584	18331	10344	136172	162459	24	431	727	78	1427	2319	24
10572	18325	10341	157419	177427	25	136	237	45	3301	5232	25
10539	18250	10299	63017	89369	21	182	312	81	488	788	21
10476	18169	10250	25491	37952	18	473	800	60	517	843	18
10413	18028	10176	167200	183242	26	468	798	80	7491	11975	26
10248	17742	10014	127072	157870	24	301	507	74	3365	5429	24
10227	17708	9997	78159	104879	21	518	867	57	985	1578	21
10185	17662	9963	110539	141577	23	125	217	51	985	1580	23
9807	17016	9601	65913	92379	21	126	223	45	385	629	21
9750	16906	9545	176106	184126	27	497	843	127	8189	12959	27
9627	16702	9424	47035	67821	20	297	501	56	943	1523	20
9213	15973	9009	71608	98125	21	441	743	67	749	1196	21
9210	15975	9016	51951	73061	20	35	63	22	450	749	20
8868	15387	8682	18604	29532	18	27	49	18	297	496	18
8823	15309	8638	118700	150905	24	450	757	96	1063	1734	24
8814	15279	8627	68266	94617	21	52	91	25	957	1553	21
8790	15253	8605	29886	45956	19	140	240	51	238	397	19
8784	15234	8592	119474	151435	24	433	732	118	622	1017	24
8523	14788	8341	99406	132105	23	198	334	57	2321	3726	23
8409	14583	8226	57555	80610	20	256	436	36	864	1396	20
8118	14095	7946	19084	30093	18	124	207	30	572	919	18
7695	13366	7532	131599	159631	24	170	290	58	1354	2152	24
7446	12928	7288	19724	30863	18	520	871	80	410	668	18
7278	12642	7123	42362	60569	19	169	287	53	530	865	19
6912	11988	6764	19066	30079	18	276	475	70	151	250	18
6489	11283	6352	126259	156316	24	128	220	42	2155	3517	24
6183	10743	6051	70181	96621	21	242	404	55	721	1181	21
6096	10591	5966	181233	184228	30	205	351	82	17468	26853	30
6057	10521	5927	6373	10273	15	792	1324	73	173	292	15
5949	10342	5821	32189	48703	19	999	1680	109	260	437	19
5838	10137	5712	176737	184228	28	357	605	106	3229	5181	28
5583	9705	5463	64121	90422	21	211	359	65	829	1359	21
5520	9581	5399	102165	134423	23	311	535	79	3411	5383	23
5436	9448	5321	174112	184057	27	206	350	87	6737	10671	27
5430	9427	5311	16080	25007	17	67	118	27	137	231	17
5409	9393	5293	123352	150841	23	399	675	73	2172	3459	23
5355	9304	5242	76905	106642	22	111	192	38	481	777	22
5112	8876	5004	177061	184223	28	93	159	36	7741	12057	28
5055	8776	4948	156579	178549	26	326	545	58	4089	6454	26
4968	8624	4862	88093	117080	22	366	618	76	1172	1878	22
4728	8205	4628	7322	12152	16	398	670	54	250	413	16
4665	8085	4565	160587	178513	25	194	331	71	3892	6243	25
4092	7102	4004	89463	118366	22	626	1063	98	1642	2668	22
4059	7032	3972	103349	132169	22	183	316	70	1015	1633	22
3960	6875	3876	39879	60055	20	108	183	40	616	993	20
3816	6622	3735	152249	175470	25	77	137	41	3491	5657	25
3432	5952	3360	25404	37846	18	221	386	54	316	524	18
3234	5604	3167	159600	178294	25	528	899	107	3070	4921	27
3222	5580	3152	46125	68342	20	152	265	54	210	350	20
3090	5351	3023	8057	12538	15	197	334	55	73	126	15
3087	5361	3025	17221	26537	17	511	856	101	141	235	17
3078	5343	3016	11211	17284	16	187	325	42	79	133	16
2988	5187	2928	125410	155793	24	419	712	146	2155	3505	24
2934	5101	2875	114414	143974	23	402	680	105	1233	2002	23
2910	5049	2852	90297	119043	22	87	151	38	870	1394	22
2775	4796	2713	13029	21107	17	164	277	47	170	289	17
2739	4762	2683	69364	95926	21	129	225	51	358	605	21
2538	4423	2487	65183	91565	21	193	328	57	952	1542	21
2493	4340	2444	50718	71760	20	141	241	66	341	561	20
2349	4096	2301	17536	26907	17	379	643	69	256	420	17
2064	3585	2022	11256	17346	16	183	315	60	135	225	16
1662	2907	1629	39557	57411	19	48	85	29	209	344	19
1590	2768	1558	75610	105411	22	182	313	68	713	1147	22
1518	2641	1488	100982	130404	22	201	339	70	255	413	22
1422	2479	1393	62231	88532	21	315	523	21	1428	2304	21
1098	1923	1076	3885	6249	14	338	569	82	36	63	14
1074	1882	1053	147713	172831	25	208	352	61	1274	2042	25
1053	1842	1032	90142	118942	22	416	703	130	732	1205	22
963	1685	944	21959	33600	18	85	151	46	205	341	18
822	1444	808	161555	180866	26	421	716	82	2222	3556	26
819	1436	803	2837	4568	13	124	213	39	36	67	13
750	1319	736	76679	106436	22	72	118	26	534	874	22
702	1230	687	60883	87089	21	282	484	83	493	813	21
678	1190	664	139402	164218	24	344	592	104	752	1226	24
675	1187	662	40613	60853	20	215	369	46	444	740	20
657	1151	643	99913	132570	23	334	557	55	903	1477	23
537	941	526	20720	32094	18	141	241	66	203	339	18
483	852	474	1283	2127	12	162	276	54	38	69	12
240	425	236	80149	109777	22	447	758	60	1039	1710	22









4734 8216 4634 81497 111085 22 256 428 30 1107 1820 22 
115058 184189 39852 30558 44852 18 138 236 40 195 331 18 
13593 23536 13292 119707 151648 24 720 1216 90 2469 3997 24 
79179 131317 9909 103592 135727 23 141 242 55 1016 1663 23 
5403 9383 5288 138746 163789 24 124 215 54 804 1315 24 
23145 39836 22592 90048 118906 22 107 183 40 661 1088 22 
40424 68854 39258 179771 183881 28 173 299 64 6052 9647 28 
119467 190167 43029 69721 96307 21 133 225 35 1640 2635 21 
97920 159699 26508 84032 113413 22 145 250 60 401 661 22 
44473 75551 43105 145480 171579 25 263 445 63 4233 6758 25 
76881 127739 7807 109509 140380 23 306 515 85 1948 3173 23 
18825 32434 18393 67429 93849 21 160 274 69 883 1423 21 
1356 2366 1328 19777 30919 18 679 1146 68 863 1396 18 
82078 135700 12673 61819 87999 21 307 523 85 291 474 21 
63145 106017 60722 169828 183764 26 307 525 58 5777 9268 26 
68719 114875 469 154605 176508 25 207 347 41 3633 5802 25 
50311 85200 48710 132718 160405 24 656 1109 154 3922 6331 26 
38297 65343 37231 70691 97342 21 490 831 91 806 1303 21 
111401 179169 37478 24121 36285 18 704 1181 62 290 480 18 
26009 44707 25366 40305 60531 20 325 553 70 1021 1626 20 
136027 209809 49098 85971 115118 22 394 662 58 1841 2941 24 
64208 107658 61792 41376 61741 20 590 993 104 929 1503 20 
35243 60246 34304 161859 180972 26 304 510 70 3630 5793 26 
104371 169157 31622 133463 162303 24 34 61 24 1351 2210 24 
123623 195516 45328 94552 122651 22 632 1067 70 798 1313 22 
69326 115824 1024 82632 112102 22 208 356 44 1380 2252 22 
25313 43516 24685 12897 20926 17 184 309 61 184 306 17 
41348 70396 40137 39346 57205 19 79 142 37 440 710 19 
73060 121824 4392 87604 116657 22 405 688 82 800 1288 22 
1773 3101 1738 24339 36534 18 309 519 52 458 748 18 
47194 80054 45729 72150 98808 21 178 297 45 735 1193 21 
119006 189531 42589 2282 3794 13 167 284 27 40 70 13 
12612 21833 12330 98668 128589 22 717 1196 126 594 971 22 
76647 127386 7610 104941 133343 22 263 451 66 844 1362 22 
25325 43535 24697 2108 3554 13 38 68 13 52 91 13
73054 121815 4386 93219 124074 22 588 986 96 2950 4714 22 
36678 62640 35674 166597 183039 26 360 609 88 2177 3509 26 
82721 136691 13257 36873 54391 19 112 187 39 543 871 19 
1647 2868 1614 21191 32667 18 472 795 48 519 838 18
79076 131081 10010 163669 181671 26 137 240 52 6413 10289 26 
130594 203958 48210 121893 153271 24 51 91 34 2335 3793 24 
135842 209673 49248 89095 118007 22 352 599 72 836 1372 22 
33698 57701 32818 72584 102530 22 367 625 96 784 1291 22 
50665 85784 49054 161862 180972 26 472 793 80 4282 6842 26 
76647 127386 7610 104941 133343 22 263 451 66 844 1362 22 
102907 167015 30663 123865 151233 23 447 749 89 970 1555 23 
38702 66008 37614 72517 102460 22 858 1443 130 1851 2933 22 
33879 57955 32977 111715 142028 23 311 533 53 1539 2501 23 
10143 17588 9922 44683 65353 20 46 80 22 537 888 20 
49513 83893 47949 147871 172878 25 128 222 59 1665 2695 25 
125782 198227 46472 167885 182380 26 209 352 56 2850 4631 26 
14628 25277 14303 15358 24102 17 1005 1682 67 395 639 17 
94077 153989 23211 115828 145756 23 545 920 97 1578 2553 23 
26604 45747 25949 40342 58128 19 51 92 23 457 742 19 
3525 6118 3451 7599 11950 15 143 245 29 165 279 15
50419 85342 48802 131051 160705 24 180 309 62 1952 3200 24 
129154 202355 47894 169008 182443 26 607 1012 64 2284 3687 26 
96264 157253 25080 24607 36898 18 277 473 70 376 616 18 
12612 21833 12330 98668 128589 22 717 1196 126 594 971 22 
60051 101036 57919 72638 99388 21 406 684 81 923 1529 21 
89267 146659 19016 42861 63376 20 302 510 46 566 933 20 
36161 61776 35182 7394 12256 16 128 219 54 169 277 16 
39287 66989 38177 6798 10868 15 335 565 89 170 287 15 
62395 104848 60042 97633 127759 22 593 998 66 1892 3104 22 
99128 161456 27227 158865 178027 25 230 394 57 1624 2615 25 
124159 196189 45614 49105 71594 20 394 665 84 719 1176 20 
33089 56687 32228 38704 58729 20 652 1090 72 888 1450 22 
119064 189664 42844 25827 38360 18 177 301 62 111 187 18 
15834 27310 15472 53527 76350 20 415 700 56 1526 2445 20 
58458 98438 56419 173368 183975 27 884 1455 67 8279 13170 27 
80536 133362 11344 47209 68004 20 70 128 34 514 847 20 
82916 136995 13442 50995 72061 20 85 146 36 1028 1658 20 
36189 61832 35209 121798 149724 23 319 540 73 724 1190 23 
65666 109989 63162 52750 73916 20 264 448 56 641 1054 20 
115250 184439 39974 52652 75387 20 66 116 36 400 651 20 
82114 135753 12706 170002 182443 26 135 235 50 4949 7946 26 
144660 216591 45395 119824 148667 23 150 263 59 1640 2678 23 
100873 164055 29018 72079 102035 22 346 585 70 1009 1665 22 
138252 211906 48811 177646 184230 27 477 809 93 4295 6890 27 
18953 32712 18498 79779 109417 22 394 665 98 625 1026 22 
86364 142469 16422 30385 44672 18 138 239 36 591 974 18 
121143 192265 43870 158540 179552 26 975 1627 154 2383 3793 26 
86762 142893 16845 57730 83700 21 48 86 29 869 1413 21 
53137 89772 51357 176020 184230 27 149 250 37 2887 4630 27 
129862 203023 47939 177129 184106 27 165 282 49 4044 6504 27 
20259 34901 19788 126929 157783 24 296 504 96 1361 2224 24 
116934 186889 41548 124573 155222 24 614 1036 102 1412 2301 24 
87346 143959 17276 122520 153685 24 697 1173 120 1880 3000 24 
36189 61832 35209 121798 149724 23 319 540 73 724 1190 23 
33936 58045 33032 131494 160981 24 262 446 48 2325 3760 24 
87078 143387 17128 422 721 10 12 21 10 41 68 10 
38873 66289 37779 157334 177665 25 369 625 107 4010 6462 25 
92999 152359 22294 155970 178183 26 749 1269 76 3297 5275 26 
110958 178553 37149 155889 177102 25 302 519 93 2122 3439 25 
79289 131407 10196 40741 61003 20 416 709 76 215 360 20 
10761 18667 10529 66684 93188 21 626 1064 79 627 1017 21 
28800 49467 28073 149351 173733 25 102 175 31 3870 6193 25 
103570 167999 31233 13653 21909 17 448 751 93 228 382 17 
127467 200371 47300 119724 151646 24 201 337 38 3237 5159 24 
139458 213183 49028 122607 153774 24 248 422 48 2847 4619 24 
91115 149443 20610 75746 105567 22 687 1155 108 1233 2011 22 
36755 62761 35757 68673 95201 21 218 360 59 659 1078 21 
57045 96127 55068 135734 162255 24 681 1157 88 1602 2597 24 
36225 61893 35246 144176 168554 24 84 146 40 1635 2627 24 
64223 107683 61803 151480 175018 25 145 253 63 2514 3986 25 
79388 131636 10095 159485 178212 25 388 652 83 773 1250 25 
29514 50682 28768 60514 83708 20 318 546 70 85 140 20 
13736 23773 13424 21739 33344 18 395 664 78 288 481 18 
13736 23773 13424 21739 33344 18 395 664 78 288 481 18 
24575 42274 23963 157180 177657 25 412 691 145 3123 4959 25 
55180 93124 53296 24863 37183 18 271 462 62 502 828 18 
19862 34281 19385 38262 55981 19 250 412 45 966 1569 19 
103900 168469 31507 147609 172774 25 302 513 103 1828 2978 25 
35136 60092 34203 60965 87166 21 84 143 37 614 1006 21 
345 611 339 5993 9773 15 134 226 33 58 101 15
83940 138578 14345 106128 137912 23 128 220 47 1908 3074 23 
82960 137198 13327 175662 184106 27 658 1111 79 4611 7341 27 
100367 163328 28598 39939 60121 20 362 607 100 639 1052 20 
73570 122575 4963 101688 134143 23 213 363 77 716 1157 23 
125591 198133 46604 125038 155528 24 112 191 40 2831 4504 24 
16608 28614 16224 163275 181452 26 276 466 66 4227 6758 26 
31311 53687 30496 7977 13029 16 222 373 54 107 182 16 
98498 160557 27010 122966 154023 24 82 146 46 2160 3485 24 
16439 28394 16047 117142 146765 23 208 355 75 2786 4456 23 
77486 128602 8558 18929 29918 18 523 884 78 160 269 18 
30053 51579 29296 47942 68791 20 50 89 30 568 930 20 
79718 132082 10571 171584 183544 27 335 565 107 5487 8743 27 
40277 68625 39114 9371 14861 16 56 96 22 65 108 16 
8703 15100 8520 53292 74506 20 314 528 84 404 658 20 
139458 213183 49028 122607 153774 24 248 422 48 2847 4619 24 
9309 16141 9103 116450 145591 23 235 407 89 1198 1952 23 
84906 140062 15213 78425 105207 21 56 101 31 1106 1799 21 
55431 93533 53536 123428 154344 24 128 221 44 861 1404 24 
1053 1843 1032 47005 67799 20 141 242 46 446 735 20 
1053 1843 1032 47005 67799 20 141 242 46 446 735 20 
21890 37722 21353 78819 105564 21 87 151 39 983 1585 23 
198 349 194 164215 181805 26 220 377 54 6627 10450 26 
80895 133973 11452 119511 151461 24 106 182 26 2468 3971 24 
16574 28616 16180 169325 182416 26 255 437 88 1663 2652 26 
64223 107683 61803 151480 175018 25 145 253 63 2514 3986 25 
79388 131636 10095 159485 178212 25 388 652 83 773 1250 25 
6408 11140 6272 161202 180706 26 324 546 80 3233 5148 26 
128056 201121 47620 39780 59962 20 223 372 42 739 1219 20 
34718 59380 33793 64344 90660 21 134 231 49 1346 2168 21 
30995 53155 30208 75351 105214 22 82 141 28 1108 1804 22 
10059 17450 9844 43327 63882 20 562 944 84 805 1306 20 
54276 91741 52477 31870 48187 19 464 794 103 356 595 19 
8067 14005 7896 120588 152251 24 357 612 76 1946 3141 24 
80041 132654 10701 102666 134888 23 121 211 43 1377 2179 23 
125591 198133 46604 125038 155528 24 112 191 40 2831 4504 24 
65784 110300 63204 127054 156832 24 476 807 88 1666 2715 24 
141454 214294 47172 21547 33103 18 112 188 28 320 519 18 
3693 6410 3614 89780 118637 22 434 738 106 819 1327 22 
53473 90336 51677 2603 4241 13 90 151 29 161 268 13 
97908 159733 26252 60311 83497 20 287 485 34 1047 1713 20 
93495 153095 22698 169410 182416 26 645 1094 108 4343 7005 26 
129575 202813 47972 92191 120632 22 450 742 56 1270 2071 22 
71013 118505 2588 50115 71124 20 254 437 72 175 289 20 
24575 42274 23963 157180 177657 25 412 691 145 3123 4959 25 
80750 133697 11538 50508 71542 20 292 496 64 640 1026 20 
54391 91848 52554 132491 160252 24 382 640 74 1870 3037 24 
88164 144991 18060 24461 36698 18 422 710 92 413 673 18 
52022 87964 50298 22684 34500 18 33 60 18 148 247 18 
39491 67338 38373 149177 173673 25 265 450 69 1790 2874 25 
77316 128409 8204 93280 124124 22 437 738 110 2194 3477 24 
48544 82287 47038 40491 60715 20 80 139 28 661 1080 20 
17810 30751 17380 179397 184216 28 590 998 88 8845 13886 28 
3693 6410 3614 89780 118637 22 434 738 106 819 1327 22 
53473 90336 51677 2603 4241 13 90 151 29 161 268 13 
134706 208522 49167 107906 139353 23 173 291 59 921 1468 23 
103155 167385 30888 123419 154366 24 56 98 30 2042 3261 24 
88992 146257 18791 107601 139113 23 342 574 69 1999 3236 23 
79988 132491 10819 76000 102764 21 444 745 67 1236 1997 21 
126750 199514 47027 150047 174181 25 111 191 43 828 1330 25 
130373 203627 48140 83119 115233 22 159 275 50 1874 2989 22 
75529 125694 6626 139744 164341 24 85 146 38 2227 3589 24 
66716 111774 64061 5395 8955 15 524 873 57 132 226 15 
89629 147359 19218 105151 133481 22 662 1115 104 3554 5606 22 
29105 49973 28376 76460 106220 22 217 367 96 1049 1731 22 
80631 133555 11217 156712 177188 25 432 726 123 4050 6577 25 
68045 113807 65380 48465 69360 20 386 645 70 460 765 20 
38993 66496 37898 162733 181350 26 253 429 80 3008 4780 26 
31434 53883 30616 172127 183881 26 1035 1722 138 2803 4523 26 
69554 116189 1234 89637 118515 22 257 431 42 676 1116 22 
99300 161698 27358 11624 17841 16 247 424 40 274 442 16 
113355 181979 39068 82019 111543 22 972 1618 142 705 1148 22 
86211 142032 16341 30716 46950 19 176 304 59 298 494 19 
27422 47132 26740 20644 32003 18 241 405 38 585 947 18 
45170 76734 43817 72458 99038 21 132 229 43 185 307 21 
20381 35157 19888 123717 154567 24 466 784 86 1632 2605 24 
17093 29506 16681 41768 59908 19 399 692 61 217 359 19 
45097 76787 43844 157046 178783 26 80 139 48 3887 6274 26 
7941 13783 7774 82488 111940 22 79 135 38 597 972 22 
52951 89693 51316 40653 60910 20 61 105 24 812 1328 20 
44872 76400 43622 167849 182398 26 250 419 48 6818 10738 26 
50014 84704 48423 102919 135176 23 416 703 91 1627 2646 23 
31247 53594 30455 78067 104852 21 363 625 115 311 519 21 
48993 83213 47588 119161 151212 24 863 1431 134 2210 3604 24 
99693 162317 28017 77517 104268 21 371 620 101 472 777 21 
150554 219741 39970 160932 180603 26 43 78 32 3742 5982 26 
7305 12690 7150 167713 182377 26 194 328 68 6308 9888 26 
87842 144515 17768 77207 106934 22 83 147 42 438 719 22 
93412 152966 22619 63317 89543 21 244 405 43 1255 2022 21 
20946 36056 20444 173079 183881 26 201 339 58 5611 9047 26 
121919 193323 44322 179908 184228 28 159 270 54 9112 14407 28 
28820 49498 28102 123732 154535 24 415 707 98 1931 3123 24 
52951 89693 51316 40653 60910 20 61 105 24 812 1328 20 
45433 77353 44172 52962 74146 20 365 611 84 509 849 20 
49390 83684 47829 116099 145327 23 600 1014 103 1574 2575 23 
131825 205158 48330 4084 6529 14 330 556 116 126 206 14 
9705 16820 9487 61853 88114 21 843 1411 163 741 1210 21 
120599 191729 43870 89334 118244 22 346 588 42 2253 3661 22 
64448 108202 62122 47460 68279 20 399 676 132 353 585 20 
102991 167142 30745 155777 177055 25 228 392 91 1916 3106 25 
8631 14963 8442 39212 59286 20 281 474 46 893 1458 20 
132052 205425 48410 38638 58657 20 173 300 50 301 498 20 
95399 156012 24474 169917 182398 26 440 748 94 6101 9686 26 
109566 176500 35680 4628 7476 14 236 398 66 175 284 14 
118651 189117 42578 167805 182398 26 456 765 94 2877 4586 26 
52055 88020 50327 42235 60434 19 361 614 95 648 1054 19 
29096 49971 28374 137026 162817 24 83 141 38 2685 4351 24 
1656 2890 1624 164124 181799 26 238 403 90 2705 4316 26 
3354 5807 3281 175295 184106 27 343 570 73 3009 4840 27 
68036 113795 65371 143024 170007 25 399 668 97 3585 5715 25 
7992 13873 7822 93565 121851 22 39 66 22 1170 1886 22 
18438 31767 18014 171401 183881 26 158 273 58 3321 5344 26 
94158 154164 23106 44956 67074 20 355 596 76 859 1377 20 
81554 134877 12211 107669 139177 23 492 819 89 803 1303 23 
23316 40128 22758 118899 151009 24 177 298 48 1596 2617 24 
46630 79322 45326 117578 150026 24 183 312 70 3222 5102 24 
97565 159227 26338 24849 37178 18 350 594 72 509 819 18 
2574 4485 2524 156128 178273 26 288 486 70 3416 5502 26 
106669 172455 33506 84224 113582 22 301 508 86 1542 2522 22 
65715 110196 63304 24904 37238 18 86 144 36 306 506 18 
97778 159551 26524 50462 71510 20 218 362 50 1096 1808 20 
9705 16820 9487 61853 88114 21 843 1411 163 741 1210 21 
47231 80145 45785 71842 98385 21 398 675 101 952 1559 21 
16665 28709 16280 42834 63322 20 87 149 40 746 1204 20 
106552 172340 33682 169742 182398 26 243 401 62 2058 3325 26 
14759 25527 14415 38867 56656 19 805 1357 131 332 547 19 
89626 147377 19516 81538 111070 22 170 295 34 401 658 22 
89840 147508 19503 116459 146138 23 55 98 29 820 1337 23 
105880 171359 33161 40973 59005 19 62 104 19 385 634 19 
42653 72555 41395 35863 52728 19 635 1074 95 589 958 19 
39632 67568 38507 36282 53672 19 163 277 57 422 710 19 
77794 129101 8850 91658 120217 22 91 160 32 1273 2078 22 
33200 56874 32337 63106 89322 21 827 1374 57 1487 2411 21 
57057 96232 55090 166393 182216 26 453 767 78 2517 4081 26 
38960 66438 37866 124971 155467 24 235 404 66 2303 3763 24 
68927 115293 766 11616 17828 16 166 283 52 56 100 16 
93011 152450 22432 79611 109265 22 51 90 26 475 773 22 
113873 182523 38933 156014 176891 25 445 759 115 2214 3591 25 
67710 113341 64982 54332 75665 20 206 347 38 388 647 20 
73495 122458 4889 103012 135303 23 62 108 23 1863 3005 23 
115501 184799 40280 166962 182293 26 87 147 46 2092 3372 26 
95078 155574 23914 86262 115397 22 221 374 74 407 659 22 
132854 206303 48476 155866 178118 26 401 678 132 2450 3914 26 
33735 57709 32836 178975 183881 28 151 254 42 11048 17418 28 
9567 16598 9368 178446 184223 28 121 213 48 8195 12888 28 
84685 139831 15066 128117 157511 24 128 219 50 1691 2702 24 
75461 125443 6653 110576 141608 23 213 363 45 866 1404 23 
14498 25092 14163 146771 172303 25 109 187 45 1835 2918 25 
65247 109472 62876 132261 160117 24 93 163 48 1193 1949 24 
51977 88122 50412 91297 119954 22 552 936 76 1750 2799 22 
66551 111406 63992 10806 16746 16 106 177 36 91 152 16 
103037 167193 30519 39720 57376 19 90 156 45 272 455 19 
60105 101123 57972 696 1111 10 22 39 10 24 44 10 
